m <- 5
a < - c[1,2]
